# Exported from Wings 3D 2.3
mtllib Standee_Poster_3.mtl
o image6
#8 vertices, 6 faces
v 0.84036375 0.58469691 1.30600000
v -0.21212108 4.48537908 1.30600000
v -0.21086017 4.48571930 1.30600000
v 0.84162465 0.58503713 1.30600000
v 0.84036375 0.58469691 -1.30600000
v -0.21212108 4.48537908 -1.30600000
v -0.21086017 4.48571930 -1.30600000
v 0.84162465 0.58503713 -1.30600000
vt 0.0000000e+0 0.0000000e+0
vt 0.0000000e+0 0.80566406
vt 0.62255859 0.0000000e+0
vt 0.62255859 0.80566406
vn 0.0000000e+0 0.0000000e+0 1.00000000
vn 0.26050451 -0.96547263 0.0000000e+0
vn -0.96547263 -0.26050451 0.0000000e+0
vn 0.0000000e+0 0.0000000e+0 1.00000000
vn -0.26050451 0.96547263 0.0000000e+0
vn -0.96547263 -0.26050451 0.0000000e+0
vn 0.0000000e+0 0.0000000e+0 1.00000000
vn 0.96547263 0.26050451 0.0000000e+0
vn -0.26050451 0.96547263 0.0000000e+0
vn 0.0000000e+0 0.0000000e+0 1.00000000
vn 0.96547263 0.26050451 0.0000000e+0
vn 0.26050451 -0.96547263 0.0000000e+0
vn 0.26050451 -0.96547263 0.0000000e+0
vn -0.0000000e+0 -0.0000000e+0 -1.00000000
vn -0.96547263 -0.26050451 0.0000000e+0
vn -0.26050451 0.96547263 0.0000000e+0
vn -0.0000000e+0 -0.0000000e+0 -1.00000000
vn -0.96547263 -0.26050451 0.0000000e+0
vn 0.96547263 0.26050451 0.0000000e+0
vn -0.26050451 0.96547263 0.0000000e+0
vn -0.0000000e+0 -0.0000000e+0 -1.00000000
vn 0.96547263 0.26050451 0.0000000e+0
vn 0.26050451 -0.96547263 0.0000000e+0
vn -0.0000000e+0 -0.0000000e+0 -1.00000000
g image6_default
usemtl default
s 1
f 1//2 5//13 8//23 4//12
f 3//9 7//20 6//16 2//5
s 2
f 1//1 4//10 3//7 2//4
f 6//17 7//21 8//24 5//14
g image6_image3
usemtl image3
s 3
f 2/2/6 6/4/18 5/3/15 1/1/3
f 4/1/11 8/3/22 7/4/19 3/2/8
o Cylinder4
#32 vertices, 18 faces
v 0.22704917 2.44319601 0.96959313
v 0.21903369 2.40289945 0.96959313
v 0.19620752 2.36873767 0.96959313
v 0.16204574 2.34591150 0.96959313
v 0.12174917 2.33789601 0.96959313
v 8.1452608e-2 2.34591150 0.96959313
v 4.7290830e-2 2.36873767 0.96959313
v 2.4464659e-2 2.40289945 0.96959313
v 1.6449174e-2 2.44319601 0.96959313
v 2.4464659e-2 2.48349258 0.96959313
v 4.7290830e-2 2.51765436 0.96959313
v 8.1452608e-2 2.54048053 0.96959313
v 0.12174917 2.54849601 0.96959313
v 0.16204574 2.54048053 0.96959313
v 0.19620752 2.51765436 0.96959313
v 0.21903369 2.48349258 0.96959313
v 0.22704917 2.44319601 -0.96959313
v 0.21903369 2.40289945 -0.96959313
v 0.19620752 2.36873767 -0.96959313
v 0.16204574 2.34591150 -0.96959313
v 0.12174917 2.33789601 -0.96959313
v 8.1452608e-2 2.34591150 -0.96959313
v 4.7290830e-2 2.36873767 -0.96959313
v 2.4464659e-2 2.40289945 -0.96959313
v 1.6449174e-2 2.44319601 -0.96959313
v 2.4464659e-2 2.48349258 -0.96959313
v 4.7290830e-2 2.51765436 -0.96959313
v 8.1452608e-2 2.54048053 -0.96959313
v 0.12174917 2.54849601 -0.96959313
v 0.16204574 2.54048053 -0.96959313
v 0.19620752 2.51765436 -0.96959313
v 0.21903369 2.48349258 -0.96959313
vn 0.89090915 -1.6387891e-16 0.45418155
vn 0.82309273 -0.34093617 0.45418155
vn 0.62996790 -0.62996790 0.45418155
vn 0.34093617 -0.82309273 0.45418155
vn -8.8242492e-17 -0.89090915 0.45418155
vn -0.34093617 -0.82309273 0.45418155
vn -0.62996790 -0.62996790 0.45418155
vn -0.82309273 -0.34093617 0.45418155
vn -0.89090915 9.4545527e-16 0.45418155
vn -0.82309273 0.34093617 0.45418155
vn -0.62996790 0.62996790 0.45418155
vn -0.34093617 0.82309273 0.45418155
vn -1.5127284e-16 0.89090915 0.45418155
vn 0.34093617 0.82309273 0.45418155
vn 0.62996790 0.62996790 0.45418155
vn 0.82309273 0.34093617 0.45418155
vn 0.89090915 -5.0424281e-16 -0.45418155
vn 0.82309273 -0.34093617 -0.45418155
vn 0.62996790 -0.62996790 -0.45418155
vn 0.34093617 -0.82309273 -0.45418155
vn -1.8909105e-16 -0.89090915 -0.45418155
vn -0.34093617 -0.82309273 -0.45418155
vn -0.62996790 -0.62996790 -0.45418155
vn -0.82309273 -0.34093617 -0.45418155
vn -0.89090915 6.0509137e-16 -0.45418155
vn -0.82309273 0.34093617 -0.45418155
vn -0.62996790 0.62996790 -0.45418155
vn -0.34093617 0.82309273 -0.45418155
vn -2.5212141e-16 0.89090915 -0.45418155
vn 0.34093617 0.82309273 -0.45418155
vn 0.62996790 0.62996790 -0.45418155
vn 0.82309273 0.34093617 -0.45418155
g Cylinder4_default
usemtl default
s 1
f 9//25 24//40 23//39 22//38 21//37 20//36 19//35 18//34 17//33 16//32 15//31 14//30 13//29 12//28 11//27 10//26
f 9//25 25//41 40//56 24//40
f 10//26 26//42 25//41 9//25
f 11//27 27//43 26//42 10//26
f 12//28 28//44 27//43 11//27
f 13//29 29//45 28//44 12//28
f 14//30 30//46 29//45 13//29
f 15//31 31//47 30//46 14//30
f 16//32 32//48 31//47 15//31
f 17//33 33//49 32//48 16//32
f 18//34 34//50 33//49 17//33
f 19//35 35//51 34//50 18//34
f 20//36 36//52 35//51 19//35
f 21//37 37//53 36//52 20//36
f 22//38 38//54 37//53 21//37
f 23//39 39//55 38//54 22//38
f 24//40 40//56 39//55 23//39
f 26//42 27//43 28//44 29//45 30//46 31//47 32//48 33//49 34//50 35//51 36//52 37//53 38//54 39//55 40//56 25//41
o Cube2
#26 vertices, 16 faces
v -0.12608165 2.34505122 -1.00000000
v -0.12608165 2.34505122 1.00000000
v -3.5604974e-2 2.55433087 -1.00000000
v -3.5604974e-2 2.55433087 1.00000000
v 7.9526431e-2 2.25616186 -1.00000000
v 7.9526431e-2 2.25616186 1.00000000
v 0.17000310 2.46544151 -1.00000000
v 0.17000310 2.46544151 1.00000000
v -0.12608165 2.34505122 -0.66666667
v -0.12608165 2.34505122 -0.33333333
v -0.12608165 2.34505122 -1.1102230e-16
v -0.12608165 2.34505122 0.33333333
v -0.12608165 2.34505122 0.66666667
v 7.9526431e-2 2.25616186 -0.66666667
v 7.9526431e-2 2.25616186 -0.33333333
v 7.9526431e-2 2.25616186 -1.1102230e-16
v 7.9526431e-2 2.25616186 0.33333333
v 7.9526431e-2 2.25616186 0.66666667
v -0.90261235 -1.5602295e-2 -0.66666667
v -1.10822043 7.3287067e-2 -0.66666667
v -1.10822043 7.3287067e-2 -1.00000000
v -0.90261235 -1.5602295e-2 -1.00000000
v -1.10822043 7.3287067e-2 0.66666667
v -0.90261235 -1.5602295e-2 0.66666667
v -0.90261235 -1.5602295e-2 1.00000000
v -1.10822043 7.3287067e-2 1.00000000
vn -0.64904851 0.28059942 -0.70710678
vn -0.64904851 0.28059942 0.70710678
vn -0.30083742 0.75905436 -0.57735027
vn -0.30083742 0.75905436 0.57735027
vn 0.64904851 -0.28059942 -0.70710678
vn 0.64904851 -0.28059942 0.70710678
vn 0.75905436 0.30083742 -0.57735027
vn 0.75905436 0.30083742 0.57735027
vn -0.91146081 -5.0720025e-2 0.40824829
vn -0.92964793 -0.36844908 0.0000000e+0
vn -0.92964793 -0.36844908 0.0000000e+0
vn -0.92964793 -0.36844908 0.0000000e+0
vn -0.91146081 -5.0720025e-2 -0.40824829
vn 0.58745251 -0.69873663 0.40824829
vn 0.36844908 -0.92964793 0.0000000e+0
vn 0.36844908 -0.92964793 0.0000000e+0
vn 0.36844908 -0.92964793 0.0000000e+0
vn 0.58745251 -0.69873663 -0.40824829
vn 0.30083742 -0.75905436 0.57735027
vn -0.75905436 -0.30083742 0.57735027
vn -0.75905436 -0.30083742 -0.57735027
vn 0.30083742 -0.75905436 -0.57735027
vn -0.75905436 -0.30083742 -0.57735027
vn 0.30083742 -0.75905436 -0.57735027
vn 0.30083742 -0.75905436 0.57735027
vn -0.75905436 -0.30083742 0.57735027
g Cube2_default
usemtl default
s 1
f 41//57 61//77 60//76 49//65
f 42//58 46//62 48//64 44//60
f 42//58 66//82 65//81 46//62
f 43//59 47//63 45//61 41//57
f 44//60 48//64 47//63 43//59
f 45//61 47//63 48//64 46//62 58//74 57//73 56//72 55//71 54//70
f 45//61 62//78 61//77 41//57
f 46//62 65//81 64//80 58//74
f 49//65 50//66 51//67 52//68 53//69 42//58 44//60 43//59 41//57
f 49//65 54//70 55//71 56//72 57//73 58//74 53//69 52//68 51//67 50//66
f 49//65 60//76 59//75 54//70
f 53//69 63//79 66//82 42//58
f 54//70 59//75 62//78 45//61
f 58//74 64//80 63//79 53//69
f 60//76 61//77 62//78 59//75
f 64//80 65//81 66//82 63//79
o Cube1
#42 vertices, 26 faces
v 0.70984695 0.44960089 -1.44958000
v 0.70984695 0.44960089 1.44958000
v -0.41405129 4.63819732 -1.44958000
v -0.41405129 4.63819732 1.44958000
v 0.96440254 0.51790410 -1.44958000
v 0.96440254 0.51790410 1.44958000
v -0.15949571 4.70650053 -1.44958000
v -0.15949571 4.70650053 1.44958000
v 0.91331174 0.70831168 1.25243712
v 0.91331174 0.70831168 -1.25243712
v -0.10840491 4.51609295 -1.25243712
v -0.10840491 4.51609295 1.25243712
v 0.80120011 0.67822951 1.25243712
v 0.80120011 0.67822951 -1.25243712
v -0.22051654 4.48601078 -1.25243712
v -0.22051654 4.48601078 1.25243712
v 0.70984695 0.44960089 -1.15966400
v 0.70984695 0.44960089 -0.86974800
v 0.70984695 0.44960089 -0.57983200
v 0.70984695 0.44960089 -0.28991600
v 0.70984695 0.44960089 -1.1102230e-16
v 0.70984695 0.44960089 0.28991600
v 0.70984695 0.44960089 0.57983200
v 0.70984695 0.44960089 0.86974800
v 0.70984695 0.44960089 1.15966400
v 0.96440254 0.51790410 -1.15966400
v 0.96440254 0.51790410 -0.86974800
v 0.96440254 0.51790410 -0.57983200
v 0.96440254 0.51790410 -0.28991600
v 0.96440254 0.51790410 -1.1102230e-16
v 0.96440254 0.51790410 0.28991600
v 0.96440254 0.51790410 0.57983200
v 0.96440254 0.51790410 0.86974800
v 0.96440254 0.51790410 1.15966400
v 0.82967957 3.0030875e-3 -0.86974800
v 0.82967957 3.0030875e-3 -1.15966400
v 1.08423516 7.1306296e-2 -1.15966400
v 1.08423516 7.1306296e-2 -0.86974800
v 0.82967957 3.0030875e-3 1.15966400
v 0.82967957 3.0030875e-3 0.86974800
v 1.08423516 7.1306296e-2 0.86974800
v 1.08423516 7.1306296e-2 1.15966400
vn -0.40800144 -0.70724924 -0.57735027
vn -0.40800144 -0.70724924 0.57735027
vn -0.70724924 0.40800144 -0.57735027
vn -0.70724924 0.40800144 0.57735027
vn 0.89440140 -0.18270051 -0.40824829
vn 0.89440140 -0.18270051 0.40824829
vn 0.68280124 0.60590081 -0.40824829
vn 0.68280124 0.60590081 0.40824829
vn 0.68280124 0.60590081 -0.40824829
vn 0.68280124 0.60590081 0.40824829
vn 0.89440140 -0.18270051 0.40824829
vn 0.89440140 -0.18270051 -0.40824829
vn 0.40800144 0.70724924 -0.57735027
vn 0.40800144 0.70724924 0.57735027
vn 0.70724924 -0.40800144 0.57735027
vn 0.70724924 -0.40800144 -0.57735027
vn -0.68280124 -0.60590081 -0.40824829
vn -0.68280124 -0.60590081 0.40824829
vn -0.49969767 -0.86619988 0.0000000e+0
vn -0.49969767 -0.86619988 0.0000000e+0
vn -0.49969767 -0.86619988 0.0000000e+0
vn -0.49969767 -0.86619988 0.0000000e+0
vn -0.49969767 -0.86619988 0.0000000e+0
vn -0.68280124 -0.60590081 -0.40824829
vn -0.68280124 -0.60590081 0.40824829
vn 0.89440140 -0.18270051 -0.40824829
vn 0.89440140 -0.18270051 0.40824829
vn 0.86619988 -0.49969767 0.0000000e+0
vn 0.86619988 -0.49969767 0.0000000e+0
vn 0.86619988 -0.49969767 0.0000000e+0
vn 0.86619988 -0.49969767 0.0000000e+0
vn 0.86619988 -0.49969767 0.0000000e+0
vn 0.89440140 -0.18270051 -0.40824829
vn 0.89440140 -0.18270051 0.40824829
vn -0.40800144 -0.70724924 0.57735027
vn -0.40800144 -0.70724924 -0.57735027
vn 0.70724924 -0.40800144 -0.57735027
vn 0.70724924 -0.40800144 0.57735027
vn -0.40800144 -0.70724924 0.57735027
vn -0.40800144 -0.70724924 -0.57735027
vn 0.70724924 -0.40800144 -0.57735027
vn 0.70724924 -0.40800144 0.57735027
g Cube1_default
usemtl default
s 1
f 67//83 71//87 92//108 83//99
f 68//84 72//88 74//90 70//86
f 68//84 91//107 100//116 72//88
f 69//85 73//89 71//87 67//83
f 70//86 74//90 73//89 69//85
f 71//87 76//92 75//91 72//88 100//116 99//115 98//114 97//113 96//112 95//111 94//110 93//109 92//108
f 72//88 75//91 78//94 74//90
f 73//89 77//93 76//92 71//87
f 74//90 78//94 77//93 73//89
f 75//91 79//95 82//98 78//94
f 76//92 80//96 79//95 75//91
f 77//93 81//97 80//96 76//92
f 78//94 82//98 81//97 77//93
f 83//99 84//100 85//101 86//102 87//103 88//104 89//105 90//106 91//107 68//84 70//86 69//85 67//83
f 83//99 102//118 101//117 84//100
f 84//100 93//109 94//110 95//111 96//112 97//113 98//114 99//115 90//106 89//105 88//104 87//103 86//102 85//101
f 84//100 101//117 104//120 93//109
f 90//106 106//122 105//121 91//107
f 91//107 105//121 108//124 100//116
f 92//108 103//119 102//118 83//99
f 93//109 104//120 103//119 92//108
f 99//115 107//123 106//122 90//106
f 100//116 108//124 107//123 99//115
f 102//118 103//119 104//120 101//117
f 106//122 107//123 108//124 105//121
g Cube1_image
usemtl image
s 1
f 80//96 81//97 82//98 79//95
